series { title="IPC Chile experimental" start=2009.12 period=12 data=(
57.31
57.61
57.77
57.82
58.09
58.3
58.3
58.67
58.62
58.85
58.91
58.95
59.02
59.18
59.31
59.77
59.96
60.2
60.3
60.38
60.47
60.78
61.07
61.26
61.64
61.69
61.93
62.03
62.06
62.08
61.9
61.89
62.03
62.5
62.85
62.57
62.55
62.67
62.74
62.98
62.68
62.67
63.07
63.24
63.39
63.73
63.82
64.06
64.44
64.56
64.87
65.41
65.82
66.04
66.08
66.23
66.44
67
67.7
67.71
67.43
67.49
67.72
68.15
68.54
68.66
69
69.29
69.76
70.11
70.4
70.38
70.39
70.72
70.91
71.18
71.42
71.58
71.9
72.07
72.11
72.28
72.4
72.44
72.29
72.68
72.86
73.14
73.31
73.4
73.12
73.29
73.44
73.33
73.76
73.83
73.93
74.27
74.31
74.46
74.7
74.9
74.98
75.25
75.38
75.63
75.91
75.91
75.83
75.91
75.95
76.31
76.51
76.97
77.01
77.18
77.32
77.33
77.96
78.03
78.1
78.55
78.9
79.16
79.13
79.09
79.03
79.11
79.22
79.72
80.27
80.16
80.43
80.99
81.14
81.45
81.75
81.97
82.04
82.7
83
83.98
85.1
85.53
86.2
87.23
87.48
89.11
90.35
91.43
92.29
93.56
94.69
95.51
96
96.94
97.21
98
97.93
99
99.3
99.41
99.26
99.61
99.72
100.39
100.84
101.59
101.04
101.72
102.32
102.7
103.24
103.52
103.42
104.19
104.45
104.54
105.56
105.83
105.62
106.74
107.16
107.7
107.91
108.12
107.68
108.62
108.66
109.14
109.19
109.47
109.26
109.71
109.7
110.75
112.18
112.37
112.35
112.45
113.15
) }
transform { function=log }
automdl { }
outlier { types=(ao ls tc) }
forecast { maxlead=36 }
check { }
seats { save=(s10 s11 s12 s13) }
